Seed 0
Pts	Cents	Coverage	Time
N = 32,	K = 16,	B = 15.186606,	T = 127.341331
N = 34,	K = 17,	B = 14.751366,	T = 362.865356
N = 36,	K = 18,	B = 13.823102,	T = 1205.710815
N = 38,	K = 19,	B = 13.694300,	T = 6091.698242
